.Random.seed <-
c(403L, 336L, 425178394L, -1984006555L, 2045713151L, 1781276550L, 
-1647709936L, 332784051L, 1337383505L, -797398528L, -337254690L, 
684191017L, -620883749L, -1502910486L, -1621178484L, 750991567L, 
-668485499L, -876623044L, -2031578606L, -1379415795L, 468677191L, 
1854818350L, -571695736L, 23250059L, 1338457705L, -1098776008L, 
-1410895130L, -177090943L, 770814483L, 433894850L, 1246936692L, 
101142647L, -1138552467L, 1910449668L, 1787999530L, -2140925291L, 
-143623889L, 1241758774L, -1144530848L, -166383965L, 2072537537L, 
178091440L, -1292698418L, -159401415L, -1577829301L, 340368890L, 
338811132L, 174103871L, 614429205L, 182540588L, 1336711682L, 
1299077341L, -2068448297L, 1446569662L, 151568632L, -956457253L, 
1315046713L, 162672776L, -419370954L, 353291377L, 1942025891L, 
271383538L, -1380901052L, -725872633L, 403525085L, -423839020L, 
-785299974L, -533632699L, 1624190367L, 170544934L, 644980656L, 
1825111123L, -1858357391L, -999977312L, -848113090L, 1689467209L, 
-465573893L, 1086663626L, 418678060L, 1625930031L, -1640077339L, 
1097987740L, 1512153842L, -550845587L, 2052676775L, -648186162L, 
1724927016L, 1775792171L, 809673289L, -1051456680L, 1848526342L, 
-911421471L, -1373143693L, 310171106L, -1132914348L, 848152663L, 
2091660365L, 1299285988L, 679728586L, 588266549L, 1810766479L, 
-505818218L, -941301952L, 602796547L, -552990687L, 191111952L, 
1368637678L, 1622728857L, -435239637L, -1807647718L, -446509348L, 
1993369311L, -1671556939L, 1834931788L, -722617694L, 2036720125L, 
-1946850569L, -1945830370L, 311277272L, 409004603L, -1349384231L, 
-988787352L, 1705917590L, 649312785L, 1537553347L, 1938837458L, 
-2095084956L, 847399335L, -307370243L, -1483840780L, 1001350618L, 
1755724069L, 882581567L, 908140486L, -125991856L, -192632717L, 
2068475025L, -992801600L, -1099841890L, 677909097L, 1155928731L, 
-8790102L, 2133650380L, -1081497969L, 170686149L, -1375093124L, 
-514420014L, -1840572851L, 2056010503L, 565608174L, 338934728L, 
808111307L, 1253324073L, -122235528L, -1958425946L, -1329910591L, 
2045693267L, 1262373378L, -407776460L, 1570357431L, -1335203667L, 
159749572L, 511665642L, 1907292757L, 784106479L, -1339415562L, 
792007968L, 1771354851L, 308321153L, -460587536L, -1343740786L, 
1234365433L, -193001077L, -1876740678L, -2004280132L, 2114744319L, 
-1373696683L, 37334636L, 533392066L, 151219485L, -239967337L, 
-812583170L, -176937800L, 1902515867L, 794375417L, 2010990152L, 
1583161718L, 1543145649L, 644533475L, 95452082L, 1683760132L, 
966780743L, -1178157539L, 828265620L, -1456196550L, 157191813L, 
-1596264609L, -1646350362L, 357139056L, 902915475L, -1444253135L, 
1221685472L, -110057090L, 63753225L, 2047450171L, -207281654L, 
1571989996L, 125398639L, 1147355557L, 2135120220L, 1168229682L, 
516291629L, -135556377L, -1089366002L, -556004888L, 1867795435L, 
-845089655L, 633008152L, 1394421574L, -1784189535L, 574039091L, 
725445026L, -1765684076L, 920840983L, -1068587763L, 522196004L, 
120112138L, 387504501L, -698056497L, 1736761084L, 655938452L, 
994560066L, -1249512192L, -957574084L, -2103701168L, 1668733090L, 
1370204488L, -398399732L, -3980580L, -427127470L, 1300810880L, 
-1925439404L, -753264664L, -2100133638L, 1343015760L, -300839124L, 
670689652L, 593476498L, -568293280L, -478308980L, -1478104224L, 
529242594L, 1055230888L, -1766974260L, 1358309372L, 839595442L, 
-1661547024L, 514771908L, -891564712L, -754085510L, -872207440L, 
1677136316L, 221956180L, -1580892222L, -1271490528L, -1704970052L, 
1974182480L, 446733282L, -2018678680L, -1916695476L, 1176418556L, 
-1740813326L, -1268553472L, 1446650228L, -1415408632L, 456089530L, 
-201551408L, 264379372L, -479999596L, -137170478L, -533065376L, 
2128588620L, 1209121056L, 1522296706L, -211218712L, -630693652L, 
-930819012L, 335682418L, -1546041744L, -1105204188L, 358638392L, 
1816038554L, 1346202320L, -84381508L, 69463700L, 1494711938L, 
-223151936L, 1369221948L, -1125483376L, -93467102L, 215375880L, 
-1740839668L, -2112211812L, -1944613358L, -966049920L, 731276820L, 
-1223638488L, -722674374L, -2124238384L, 615160940L, 1617910068L, 
992165522L, 1214747488L, 315024204L, -56211488L, 915937186L, 
1444358056L, 193445260L, 1456083132L, -541322894L, -1031344912L, 
-293842876L, -1752946344L, 212512314L, -236876944L, 1906952252L, 
-768739564L, 1307618754L, 904254176L, -167395460L, -109289776L, 
-618753886L, -86813656L, 1999803660L, -809472068L, -1391218382L, 
1423831488L, -625907148L, -283507768L, -1963528006L, -1392686704L, 
-1248400916L, -2044200364L, -1811695470L, 649516832L, 1354199500L, 
-852937248L, -39868734L, 455842856L, 1679293100L, -390748996L, 
1068839410L, -645414608L, -2022376284L, -564187464L, -497095334L, 
1448615312L, 1629174652L, -666193644L, 1863258946L, -1595000064L, 
-1592924228L, 1517479760L, 828711714L, 1132090696L, -676761076L, 
-521037732L, 1758627026L, 1316381184L, 1239864660L, 1161347560L, 
693300218L, 1084100816L, -600036052L, 293208820L, 727998866L, 
-964570016L, 857476364L, -1386007840L, 1123488098L, 1264106152L, 
-1207492020L, 1085077884L, 1380089138L, -1129721744L, -218321084L, 
-27318824L, -684753798L, -1715814864L, 300716732L, -1664866476L, 
251151426L, 1975926176L, 1102260924L, -489958960L, 1343358306L, 
457084904L, -2075607092L, -1571096836L, -1366894094L, 1395691648L, 
-717509388L, -329904504L, -1182728390L, -1478304944L, 1666149996L, 
-748828524L, -773285550L, 1422104288L, -392865076L, -1222868832L, 
236850050L, -317201688L, 1873363692L, -1884378052L, 479705714L, 
-835287952L, 21724708L, -1645110216L, -1769076710L, -1406534960L, 
-977216452L, -944102252L, -1595499390L, 1929256896L, 1917284668L, 
-1874429296L, -29297630L, -206138360L, -137074548L, -2088836068L, 
384876178L, 641844352L, 1917472788L, -1753735896L, 2067504698L, 
-1150366512L, 458646636L, -2028555596L, -307159022L, 1320523744L, 
-908060724L, -258798112L, -1220213214L, -1231863512L, 409606412L, 
1043195452L, 1756983538L, -1321372944L, -1661680828L, -2114887080L, 
-2029565382L, -1061552400L, 2032923836L, -1934797292L, -605833022L, 
-710810294L, 1240378728L, -1130560687L, -1356402621L, 1056356676L, 
-921873934L, -1639672889L, 1813325201L, 450795798L, -1597351564L, 
1406701573L, 25012303L, 794537032L, -369688090L, 1272803091L, 
1157580917L, 1356126802L, 500333728L, -1694386807L, -2033470021L, 
1579844108L, -2070049894L, -1546685681L, 1712243033L, 2106364910L, 
31767164L, -798745875L, -396227177L, -1360251296L, -1456399298L, 
185924875L, -1405993075L, -1553011526L, 621947640L, 639758497L, 
-1239514029L, 594220916L, 79279362L, -1906967145L, -377788575L, 
1006584742L, 340897188L, 1140094037L, -1398609665L, -407069288L, 
-1758234954L, -1909205181L, -1731331451L, -1835929822L, -1057477616L, 
987250617L, -988204949L, -1056105636L, 2075286154L, -742250881L, 
-641116215L, 1668275294L, -191310068L, -590522659L, -1045663769L, 
328377360L, 12036398L, -2011968037L, 108749501L, 1327466538L, 
1857155272L, -520669711L, -642305181L, -1039514780L, -1623639406L, 
333076327L, 1797114161L, 533934710L, -450047084L, 44390309L, 
-413005649L, -775731864L, -788347578L, 601548019L, -1086137771L, 
-1387071950L, 102126592L, -471549719L, 658378587L, -668841556L, 
-1224476230L, -751917201L, 1546541305L, -933487218L, 360140892L, 
1561129677L, -1598962121L, 1767161024L, -143510626L, -359178133L, 
-499933203L, -1237188006L, -1774992104L, -767774079L, 770555955L, 
1429456468L, -402877854L, 1177343223L, -1393029311L, -503337530L, 
-1091764476L, 1088043701L, 516257183L, 1526729208L, -1601992746L, 
1580995171L, -1741567451L, 45412802L, -1920403792L, 1186197209L, 
200046667L, -766630212L, -603929366L, 1951043871L, 1399398825L, 
-1014167746L, -19402196L, -418832259L, -224329017L, 394869680L, 
-1238438450L, 1445650171L, 347678045L, -820351350L, -1594643288L, 
-964888559L, -787166973L, 239444996L, 1806978098L, -1237277561L, 
1861972177L, 1783439958L, -647132620L, -1870122683L, 273484687L, 
